X,Y
54.56069,-30.919601
70.69112,-42.651657
37.34656,-19.467146
45.349277,-15.257744
31.933271,-21.128298
34.500793,-30.634739
48.73504,-33.195778
75.76384,-41.759144
36.749443,-32.611706
30.620583,-29.366474
32.63925,-32.73228
70.09422,-39.40638
28.276163,-15.837685
77.0995,-53.27723
59.444843,-29.333307
37.71093,-36.308216
72.07277,-44.633587
35.755077,-35.95975
31.308138,-35.663948
33.402813,-34.627365
30.662745,-41.892506
45.37779,-34.39841
40.231094,-16.909971
42.14586,-21.047094
53.764328,-20.2954
47.931232,-10.212076
55.861507,-28.983925
63.651474,-19.692625
61.029884,-30.672346
48.223896,-31.11707
50.49333,-32.090984
28.787575,-16.259438
38.16145,-15.946676
55.26767,-26.388657
45.341217,-33.209446
29.206772,-26.29526
60.95846,-19.47942
30.064287,-21.515797
45.32886,-32.768204
36.242016,-15.292249
52.32872,-28.263626
29.961842,-27.669313
54.26487,-29.325373
50.117096,-30.557306
53.92135,-21.897131
47.09315,-33.158855
64.74138,-30.354
32.817738,-36.61087
43.922035,-34.428677
43.790867,-32.43684
48.615807,-33.896294
49.633865,-20.166233
43.50493,-17.27497
40.81504,-33.310574
76.77604,-52.84741
58.45467,-17.875782
43.00721,-13.93638
34.176212,-40.88498
78.907196,-55.349945
61.868618,-36.405365
60.40936,-24.935698
68.89831,-26.644281
45.06665,-11.785686
52.678318,-8.826435
62.285946,-22.65548
36.949524,-33.983864
25.558416,-37.143578
57.480312,-23.47759
42.998463,-34.293674
62.186356,-29.844976
57.133446,-30.153664
44.279972,-11.502193
37.96251,-15.844052
34.82424,-35.857277
75.24753,-47.30067
40.074375,-32.829605
64.73975,-31.401712
27.720854,-23.59596
61.28865,-28.014536
41.602623,-34.174755
62.299862,-26.078547
59.96996,-15.457314
29.818607,-20.284414
63.55142,-27.857819
33.49823,-18.755621
42.7097,-31.391617
81.20163,-50.91737
32.537548,-29.914927
53.517914,-30.746935
72.52954,-51.129845
29.544544,-17.114393
57.58189,-22.13265
46.48092,-30.70791
61.092957,-30.998457
39.24239,-15.088164
32.15556,-23.255978
44.590847,-15.245987
23.509027,-38.388325
57.26849,-11.980999
34.05297,-28.39398
64.201454,-32.30483
73.527275,-53.38514
34.959652,-34.27556
37.634884,-38.02951
45.738777,-7.4294477
34.221672,-33.306553
43.47326,-32.08369
61.53272,-28.848248
50.43514,-30.454533
61.79256,-28.498507
31.449644,-33.681034
63.18873,-30.737991
59.268066,-31.393194
46.081867,-32.292236
34.40527,-35.130783
37.817074,-33.57436
58.86221,-26.095005
53.557858,-10.973333
67.62484,-24.788555
42.97077,-16.309566
41.152718,-16.433737
42.995823,-32.518867
60.10967,-19.372503
31.939047,-20.876358
56.63193,-28.045841
53.176064,-26.898304
50.08831,-33.342724
40.956665,-18.584764
40.25384,-14.598468
51.796192,-10.614479
62.027313,-29.725477
30.892696,-40.861286
43.9796,-15.043467
52.109352,-27.556755
63.400906,-23.256006
59.547314,-32.17578
52.82781,-10.932226
62.90998,-32.69124
47.316013,-30.95149
37.60973,-31.990417
24.734137,-38.119987
55.59098,-28.963211
79.68254,-61.03156
33.345848,-32.177505
51.921227,-30.781757
64.47817,-28.482676
79.03046,-52.17346
54.25553,-9.223125
37.708096,-31.338129
42.34687,-32.009766
53.2624,-29.08413
36.757996,-13.260726
59.729347,-31.172733
45.711544,-11.497346
70.93395,-66.682686
40.23189,-19.050407
41.463627,-14.629566
50.13126,-27.574776
30.10936,-18.445942
31.712502,-34.28276
23.037844,-27.610083
78.34093,-53.43882
77.529015,-53.68718
41.105637,-32.963978
74.71077,-51.14204
61.673687,-19.101055
43.42811,-20.599173
72.76449,-46.999847
54.066353,-11.444351
43.988667,-22.888819
68.00191,-35.792267
66.120094,-21.133276
29.879951,-23.19187
69.335754,-27.120754
36.02151,-34.029335
55.374172,-16.145645
35.72012,-33.65823
50.89833,-31.966263
64.45116,-26.017178
75.83624,-38.49441
57.16062,-9.347807
57.58627,-31.226547
46.751938,-12.207528
62.23496,-29.356247
43.567093,-13.813636
35.387966,-33.42206
45.94689,-13.38744
78.389915,-49.62246
34.087994,-32.72722
43.492737,-31.42666
26.524277,-37.671616
70.07294,-37.510124
48.50879,-34.733257
44.75397,-32.76193
36.59147,-18.094078
56.975845,-31.487585
68.05324,-38.637794
32.938282,-31.764008
62.52435,-27.784485
60.976192,-32.731857
55.02078,-5.9048505
59.90392,-32.44872
59.272644,-26.510324
54.339798,-31.843498
67.49915,-27.547289
33.6507,-19.418524
51.126877,-30.035858
61.910015,-32.821613
60.826378,-30.64868
62.76947,-20.30418
71.70134,-44.52852
32.310562,-18.654182
44.043297,-11.188015
33.48952,-28.076094
56.09899,-12.235303
57.831707,-20.659023
60.73315,-15.462246
30.365446,-26.082092
38.655975,-34.75868
33.20816,-15.083619
34.930714,-31.64061
58.932922,-26.510542
54.08528,-29.98
32.347862,-23.755535
69.11594,-33.272877
56.671803,-27.60169
42.706158,-33.149353
76.82338,-56.01665
46.117535,-32.44215
40.44073,-18.298088
62.011562,-32.390316
49.28476,-31.944141
33.64256,-28.118788
25.532658,-21.2756
37.412067,-36.32454
43.910583,-14.218154
44.524044,-12.193965
77.04296,-56.648605
63.279377,-36.132423
53.805927,-10.806417
64.03947,-27.585646
49.09575,-12.736802
59.421814,-17.589573
67.14463,-38.319035
32.88306,-31.647367
54.7231,-9.845274
35.692505,-34.245193
38.410824,-17.147429
55.29557,-10.839289
57.256527,-23.711447
27.606462,-38.05715
72.204094,-49.437126
46.583336,-20.265728
77.2325,-53.502266
26.904057,-41.14374
44.406708,-16.545448
32.536194,-18.721693
59.299015,-27.787802
58.657764,-22.952738
32.65143,-22.55024
34.638832,-34.044254
33.989273,-20.109535
32.499424,-35.018124
42.91696,-32.923706
36.322544,-17.819798
42.4652,-32.49779
33.11918,-17.7019
55.69563,-9.397486
59.999096,-22.797596
29.751423,-25.14607
58.345036,-8.608221
36.408066,-27.998215
34.863117,-14.901299
28.66707,-25.124874
37.975315,-31.71283
38.722717,-37.055386
57.041237,-29.57162
71.71386,-48.585945
75.33841,-52.34551
32.529118,-36.31027
42.87829,-19.787476
38.0397,-33.77565
58.154152,-29.075933
38.430576,-30.416199
69.38945,-49.638084
72.32732,-46.075623
31.180935,-17.407562
48.89372,-31.708033
42.254684,-32.293453
60.98668,-23.670353
41.70342,-25.353603
46.359165,-32.29711
58.471798,-31.787085
27.836756,-17.625803
61.78768,-26.353075
78.56054,-53.315384
62.24108,-29.146795
36.457478,-14.743866
33.21419,-30.087208
46.018936,-31.769932
44.09469,-34.12128
65.44509,-23.613768
26.679646,-37.04927
57.224995,-17.731863
37.76329,-26.082851
31.43876,-31.927559
44.20841,-36.0513
41.40838,-26.14331
55.074005,-30.056063
36.459915,-37.053913
39.629635,-39.577435
38.433697,-37.80805
42.208096,-19.291254
44.034096,-32.006493
79.44364,-55.431786
59.691647,-22.576187
42.390255,-33.21141
32.67087,-32.019165
44.454403,-22.922327
47.476055,-31.728163
46.24437,-20.142477
75.87199,-36.80816
56.885963,-9.510275
61.172447,-31.824024
54.85958,-30.455803
60.831753,-20.473574
55.843697,-8.703926
42.207054,-24.30808
44.748318,-30.818907
59.635952,-16.579517
39.856525,-20.919708
63.15978,-32.070213
70.265236,-35.40445
45.471462,-34.31676
41.89035,-14.050784
47.44133,-32.156353
29.357994,-23.34876
32.38419,-30.417652
33.044796,-36.000366
53.69297,-30.703175
54.004196,-8.508535
42.197323,-31.495834
50.61975,-8.304565
48.022892,-30.23412
35.029774,-18.48178
41.760475,-27.586681
45.78863,-34.52809
61.78188,-26.286766
36.7563,-28.352661
30.390217,-17.065916
46.662514,-33.4017
40.245247,-24.242804
51.654594,-30.58638
40.729862,-22.757616
60.26488,-11.001394
64.3523,-17.768654
43.188107,-10.680052
46.293873,-15.917841
32.369858,-21.41516
38.77595,-34.425
45.5626,-33.938538
46.490494,-10.853739
45.618893,-10.021597
52.635513,-18.057446
66.384476,-32.414757
29.742271,-26.605099
43.435246,-14.2531805
48.20481,-30.372314
43.996048,-33.91209
79.0886,-55.65061
37.601974,-31.32955
68.93815,-46.048923
45.11743,-10.853443
55.182777,-7.644482
44.8882,-34.035294
40.190685,-28.386335
29.312963,-39.425106
67.62282,-33.42781
41.87499,-14.245195
42.364693,-20.161068
41.023193,-33.85803
42.87352,-19.38722
62.01722,-27.813917
74.56729,-45.787716
36.66867,-20.809309
36.91313,-33.42379
56.457184,-24.797268
43.48233,-32.243538
54.294674,-20.513685
45.513004,-32.293045
56.6463,-26.30713
69.01951,-37.15462
47.20034,-33.100967
30.67099,-37.576187
30.547821,-21.523323
46.573708,-16.693485
62.868374,-28.110374
74.592064,-48.37623
52.23079,-31.401669
42.201725,-31.388462
42.892353,-35.065697
43.982307,-21.894058
67.72768,-31.154541
70.20832,-44.70614
41.980503,-32.70229
29.379337,-24.303686
46.50499,-12.475446
34.281628,-17.692425
69.883575,-47.835304
30.193054,-37.100433
30.675156,-33.20956
34.87846,-27.506594
46.147617,-31.810177
44.00616,-33.172733
62.02285,-30.551115
62.91227,-23.966589
33.214344,-29.269619
58.028328,-30.895048
63.579216,-30.525635
46.855587,-19.694069
33.407185,-25.066244
39.988697,-34.377735
45.98312,-12.012527
56.305668,-28.546242
50.84077,-28.9135
62.603634,-26.87423
62.485382,-21.75501
35.99617,-30.140158
62.34161,-28.223877
50.808945,-30.081406
75.23085,-52.636597
36.760834,-34.870033
76.17529,-53.184624
39.1033,-16.015486
30.354246,-19.37027
52.048325,-8.757929
46.271244,-18.850843
66.24141,-29.994356
31.25483,-23.84113
45.999393,-31.87091
53.695503,-30.9152
49.171165,-10.993805
61.59479,-18.753124
50.438976,-10.6102295
62.259045,-27.507242
62.946278,-31.943235
57.681416,-8.842022
55.698883,-6.738953
42.09775,-13.927696
40.40753,-15.272635
53.959816,-25.036118
42.907745,-14.735704
34.89472,-28.607552
43.34484,-14.555933
70.108284,-26.013496
44.792805,-17.728083
53.768635,-29.419174
60.5634,-24.828176
46.68363,-31.928383
43.407993,-20.521713
51.876896,-30.373274
38.254105,-31.69997
31.737932,-30.758533
46.893257,-32.068687
57.569317,-22.269243
61.49826,-28.14846
41.755707,-33.472424
27.599844,-21.831532
43.372646,-20.901089
31.766117,-22.842915
79.100365,-53.429893
55.067898,-15.094942
36.893784,-32.971268
49.246704,-33.246014
42.575874,-34.03831
51.051888,-32.229057
32.587692,-27.450603
45.833073,-18.9096
46.627625,-11.191471
63.61722,-30.735239
60.890743,-25.975395
32.51982,-26.331127
45.07821,-33.22965
73.253494,-34.572994
48.305073,-31.30871
38.109398,-35.183125
36.815742,-15.091098
57.451782,-20.306038
49.384052,-12.361269
39.65587,-18.89448
53.882256,-10.415297
34.625107,-13.957346
55.802696,-29.789593
32.816174,-16.45879
60.47191,-18.435625
30.954632,-17.922693
38.53352,-38.301945
42.90711,-31.401682
43.121735,-21.213596
76.34204,-46.995667
44.557877,-10.907194
81.36005,-57.035294
49.092533,-31.478453
63.975037,-30.727896
29.258076,-37.467075
51.476994,-8.908205
43.521385,-22.3593
53.89683,-30.7749
64.59711,-30.55773
35.427258,-35.971207
59.5674,-12.043048
32.836456,-15.1045885
65.66241,-32.35889
49.83225,-10.075302
32.98607,-23.640125
51.95775,-10.194632
59.03168,-11.561954
68.03886,-36.201263
38.450012,-35.169434
35.599422,-30.085215
40.122257,-32.28467
58.716713,-14.001224
66.365234,-29.455288
51.8499,-22.169567
73.952225,-49.443123
69.69512,-48.373558
45.54994,-33.12252
41.738922,-12.027883
42.90664,-22.027443
45.32862,-33.43108
64.49012,-32.379185
56.27291,-13.488366
28.060854,-19.25036
46.599247,-31.43829
31.294825,-26.199402
51.58749,-32.200806
31.650326,-24.647015
59.001003,-11.963085
39.62288,-21.568193
30.342268,-14.863065
69.544136,-51.036716
27.553389,-35.594753
77.300316,-46.870426
45.0383,-15.667272
63.408127,-23.165983
55.639835,-8.437668
63.353233,-26.038712
54.51418,-29.076006
64.14216,-27.776094
44.840195,-14.504902
41.17374,-19.99964
48.98247,-32.32949
43.3267,-22.923992
36.098366,-31.7001
43.600952,-12.691421
33.29842,-29.911863
59.337856,-19.392822
64.41583,-32.520817
74.16639,-44.767616
36.566944,-33.154724
63.271572,-25.569063
53.962013,-30.152288
47.670357,-10.782679
34.096046,-19.482784
46.602516,-31.821156
41.19926,-36.010048
73.41049,-43.546886
58.23707,-15.212933
38.651573,-13.755721
60.202633,-29.542187
62.51838,-29.693413
77.26629,-50.98034
32.033325,-32.709476
75.700874,-57.885258
47.936947,-18.846472
54.29567,-24.662823
58.100876,-27.937841
40.121464,-36.119186
27.1432,-11.975123
71.74684,-40.717915
46.03002,-10.466162
51.077698,-9.35924
61.486343,-26.200129
62.568695,-17.982788
60.7943,-24.661936
63.052692,-20.919275
42.879135,-33.88184
60.889515,-19.705046
39.851048,-12.957108
64.75371,-26.10508
31.597242,-37.916256
46.03353,-21.798515
30.65407,-38.355453
33.611603,-33.39671
54.452286,-30.314526
34.451294,-36.537956
42.55957,-33.644787
47.040745,-13.285666
71.6306,-43.814667
54.059704,-30.865812
33.953594,-17.601778
46.799767,-31.591618
70.31292,-35.483135
42.173416,-15.004789
63.497524,-18.803799
49.805298,-32.440804
35.378136,-23.533964
50.460754,-30.965279
37.820297,-33.184498
72.83579,-39.958103
28.188494,-21.265266
29.910715,-37.482716
61.392548,-28.270391
41.390564,-12.114051
77.86603,-57.2021
57.947926,-9.804623
38.529736,-31.326382
58.561176,-19.244005
31.692621,-16.166258
39.36718,-36.348736
43.27504,-32.997253
33.90242,-32.574696
33.99033,-21.431217
63.92171,-31.887857
46.01173,-16.750345
36.895393,-32.414238
31.166958,-17.10663
30.760178,-19.397743
58.712246,-23.341179
43.850037,-18.2738
41.420387,-33.071735
47.34693,-13.3836
53.253044,-9.282242
29.874077,-22.805634
58.823353,-31.230019
59.27191,-31.541965
32.448612,-30.134556
44.622036,-35.700848
28.417934,-19.457058
43.54569,-15.128596
61.987904,-28.901379
52.98459,-19.983595
45.28468,-11.369232
31.60878,-37.558258
39.550526,-27.72159
59.09434,-15.187717
38.540134,-27.962898
58.005314,-30.488123
41.673622,-20.501684
81.45893,-56.882812
59.277508,-20.648603
41.832302,-13.63099
59.847134,-28.86495
52.428173,-27.205545
71.94422,-38.89888
69.597084,-34.831818
60.702957,-15.932965
31.480686,-19.68331
32.372818,-29.760685
49.287403,-33.39749
60.012817,-15.379204
39.7457,-24.868818
64.3048,-30.33477
38.069588,-34.416492
33.22919,-30.508781
64.55979,-32.741966
38.329727,-34.632088
33.244667,-28.605602
57.453747,-22.036842
46.355232,-13.663457
29.330793,-19.42906
33.938824,-18.182634
35.955093,-34.714653
43.505928,-13.5759735
60.98739,-28.983463
59.467064,-29.423407
73.023834,-52.400436
56.03744,-11.1275215
31.694675,-27.097736
75.50031,-51.409996
38.037216,-33.67301
79.006096,-52.539597
72.97837,-51.892334
63.308636,-32.49095
33.843094,-26.063288
32.3436,-33.572098
56.91671,-25.434414
38.980053,-20.318035
38.799526,-39.549183
47.761578,-31.990677
30.282879,-37.45808
52.483566,-7.525164
65.85292,-32.799686
64.380066,-32.965538
44.30076,-33.285454
37.291058,-31.979078
39.16384,-32.9587
41.009075,-35.39706
50.53343,-6.0107865
49.385227,-32.67798
25.784931,-36.26434
42.881138,-11.997831
67.67447,-44.033623
54.86931,-9.854105
60.183258,-18.785501
42.396336,-33.392147
48.557713,-32.329746
65.97798,-33.518322
39.669384,-13.992149
31.607775,-30.237438
59.723804,-18.542421
43.09543,-16.578917
58.790413,-18.096136
52.678432,-31.41356
50.20654,-32.840893
73.82393,-42.59132
40.053112,-33.299713
71.063866,-43.343765
62.424744,-28.856525
65.11295,-30.220737
